{
 "cells": [
  {
   "cell_type": "code",
   "execution_count": 32,
   "id": "b6e7c335",
   "metadata": {},
   "outputs": [],
   "source": [
    "import numpy as np\n",
    "import pandas as pd\n",
    "import matplotlib.pyplot as plt\n",
    "import seaborn as sns"
   ]
  },
  {
   "cell_type": "code",
   "execution_count": 33,
   "id": "500b383c",
   "metadata": {},
   "outputs": [],
   "source": [
    "#Step 1 :- loading and delimiting data as csv file data is not properly delimited, data is sepreted by \";\"\n",
    "\n",
    "red_wine = pd.read_csv(r\"C:\\Users\\shiripatel\\Downloads\\wine+quality\\winequality-red.csv\",sep=\";\")\n",
    "white_wine = pd.read_csv(r\"C:\\Users\\shiripatel\\Downloads\\wine+quality\\winequality-white.csv\",sep=\";\")"
   ]
  },
  {
   "cell_type": "code",
   "execution_count": 38,
   "id": "4874f5f8",
   "metadata": {},
   "outputs": [
    {
     "data": {
      "text/plain": [
       "(1599, 12)"
      ]
     },
     "execution_count": 38,
     "metadata": {},
     "output_type": "execute_result"
    }
   ],
   "source": [
    "red_wine.shape"
   ]
  },
  {
   "cell_type": "code",
   "execution_count": 39,
   "id": "b0cc3b44",
   "metadata": {},
   "outputs": [
    {
     "data": {
      "text/plain": [
       "(4898, 12)"
      ]
     },
     "execution_count": 39,
     "metadata": {},
     "output_type": "execute_result"
    }
   ],
   "source": [
    "white_wine.shape"
   ]
  },
  {
   "cell_type": "code",
   "execution_count": 40,
   "id": "f12cc3a3",
   "metadata": {},
   "outputs": [
    {
     "data": {
      "text/plain": [
       "Index(['fixed acidity', 'volatile acidity', 'citric acid', 'residual sugar',\n",
       "       'chlorides', 'free sulfur dioxide', 'total sulfur dioxide', 'density',\n",
       "       'pH', 'sulphates', 'alcohol', 'quality'],\n",
       "      dtype='object')"
      ]
     },
     "execution_count": 40,
     "metadata": {},
     "output_type": "execute_result"
    }
   ],
   "source": [
    "red_wine.keys()"
   ]
  },
  {
   "cell_type": "code",
   "execution_count": 41,
   "id": "a170d3bd",
   "metadata": {},
   "outputs": [
    {
     "data": {
      "text/plain": [
       "Index(['fixed acidity', 'volatile acidity', 'citric acid', 'residual sugar',\n",
       "       'chlorides', 'free sulfur dioxide', 'total sulfur dioxide', 'density',\n",
       "       'pH', 'sulphates', 'alcohol', 'quality'],\n",
       "      dtype='object')"
      ]
     },
     "execution_count": 41,
     "metadata": {},
     "output_type": "execute_result"
    }
   ],
   "source": [
    "white_wine.keys()"
   ]
  },
  {
   "cell_type": "code",
   "execution_count": 42,
   "id": "eadf44bb",
   "metadata": {},
   "outputs": [
    {
     "data": {
      "text/html": [
       "<div>\n",
       "<style scoped>\n",
       "    .dataframe tbody tr th:only-of-type {\n",
       "        vertical-align: middle;\n",
       "    }\n",
       "\n",
       "    .dataframe tbody tr th {\n",
       "        vertical-align: top;\n",
       "    }\n",
       "\n",
       "    .dataframe thead th {\n",
       "        text-align: right;\n",
       "    }\n",
       "</style>\n",
       "<table border=\"1\" class=\"dataframe\">\n",
       "  <thead>\n",
       "    <tr style=\"text-align: right;\">\n",
       "      <th></th>\n",
       "      <th>fixed acidity</th>\n",
       "      <th>volatile acidity</th>\n",
       "      <th>citric acid</th>\n",
       "      <th>residual sugar</th>\n",
       "      <th>chlorides</th>\n",
       "      <th>free sulfur dioxide</th>\n",
       "      <th>total sulfur dioxide</th>\n",
       "      <th>density</th>\n",
       "      <th>pH</th>\n",
       "      <th>sulphates</th>\n",
       "      <th>alcohol</th>\n",
       "      <th>quality</th>\n",
       "    </tr>\n",
       "  </thead>\n",
       "  <tbody>\n",
       "    <tr>\n",
       "      <th>0</th>\n",
       "      <td>7.4</td>\n",
       "      <td>0.70</td>\n",
       "      <td>0.00</td>\n",
       "      <td>1.9</td>\n",
       "      <td>0.076</td>\n",
       "      <td>11.0</td>\n",
       "      <td>34.0</td>\n",
       "      <td>0.9978</td>\n",
       "      <td>3.51</td>\n",
       "      <td>0.56</td>\n",
       "      <td>9.4</td>\n",
       "      <td>5</td>\n",
       "    </tr>\n",
       "    <tr>\n",
       "      <th>1</th>\n",
       "      <td>7.8</td>\n",
       "      <td>0.88</td>\n",
       "      <td>0.00</td>\n",
       "      <td>2.6</td>\n",
       "      <td>0.098</td>\n",
       "      <td>25.0</td>\n",
       "      <td>67.0</td>\n",
       "      <td>0.9968</td>\n",
       "      <td>3.20</td>\n",
       "      <td>0.68</td>\n",
       "      <td>9.8</td>\n",
       "      <td>5</td>\n",
       "    </tr>\n",
       "    <tr>\n",
       "      <th>2</th>\n",
       "      <td>7.8</td>\n",
       "      <td>0.76</td>\n",
       "      <td>0.04</td>\n",
       "      <td>2.3</td>\n",
       "      <td>0.092</td>\n",
       "      <td>15.0</td>\n",
       "      <td>54.0</td>\n",
       "      <td>0.9970</td>\n",
       "      <td>3.26</td>\n",
       "      <td>0.65</td>\n",
       "      <td>9.8</td>\n",
       "      <td>5</td>\n",
       "    </tr>\n",
       "    <tr>\n",
       "      <th>3</th>\n",
       "      <td>11.2</td>\n",
       "      <td>0.28</td>\n",
       "      <td>0.56</td>\n",
       "      <td>1.9</td>\n",
       "      <td>0.075</td>\n",
       "      <td>17.0</td>\n",
       "      <td>60.0</td>\n",
       "      <td>0.9980</td>\n",
       "      <td>3.16</td>\n",
       "      <td>0.58</td>\n",
       "      <td>9.8</td>\n",
       "      <td>6</td>\n",
       "    </tr>\n",
       "    <tr>\n",
       "      <th>4</th>\n",
       "      <td>7.4</td>\n",
       "      <td>0.70</td>\n",
       "      <td>0.00</td>\n",
       "      <td>1.9</td>\n",
       "      <td>0.076</td>\n",
       "      <td>11.0</td>\n",
       "      <td>34.0</td>\n",
       "      <td>0.9978</td>\n",
       "      <td>3.51</td>\n",
       "      <td>0.56</td>\n",
       "      <td>9.4</td>\n",
       "      <td>5</td>\n",
       "    </tr>\n",
       "  </tbody>\n",
       "</table>\n",
       "</div>"
      ],
      "text/plain": [
       "   fixed acidity  volatile acidity  citric acid  residual sugar  chlorides  \\\n",
       "0            7.4              0.70         0.00             1.9      0.076   \n",
       "1            7.8              0.88         0.00             2.6      0.098   \n",
       "2            7.8              0.76         0.04             2.3      0.092   \n",
       "3           11.2              0.28         0.56             1.9      0.075   \n",
       "4            7.4              0.70         0.00             1.9      0.076   \n",
       "\n",
       "   free sulfur dioxide  total sulfur dioxide  density    pH  sulphates  \\\n",
       "0                 11.0                  34.0   0.9978  3.51       0.56   \n",
       "1                 25.0                  67.0   0.9968  3.20       0.68   \n",
       "2                 15.0                  54.0   0.9970  3.26       0.65   \n",
       "3                 17.0                  60.0   0.9980  3.16       0.58   \n",
       "4                 11.0                  34.0   0.9978  3.51       0.56   \n",
       "\n",
       "   alcohol  quality  \n",
       "0      9.4        5  \n",
       "1      9.8        5  \n",
       "2      9.8        5  \n",
       "3      9.8        6  \n",
       "4      9.4        5  "
      ]
     },
     "execution_count": 42,
     "metadata": {},
     "output_type": "execute_result"
    }
   ],
   "source": [
    "red_wine.head()"
   ]
  },
  {
   "cell_type": "code",
   "execution_count": 43,
   "id": "afcf99de",
   "metadata": {},
   "outputs": [
    {
     "data": {
      "text/html": [
       "<div>\n",
       "<style scoped>\n",
       "    .dataframe tbody tr th:only-of-type {\n",
       "        vertical-align: middle;\n",
       "    }\n",
       "\n",
       "    .dataframe tbody tr th {\n",
       "        vertical-align: top;\n",
       "    }\n",
       "\n",
       "    .dataframe thead th {\n",
       "        text-align: right;\n",
       "    }\n",
       "</style>\n",
       "<table border=\"1\" class=\"dataframe\">\n",
       "  <thead>\n",
       "    <tr style=\"text-align: right;\">\n",
       "      <th></th>\n",
       "      <th>fixed acidity</th>\n",
       "      <th>volatile acidity</th>\n",
       "      <th>citric acid</th>\n",
       "      <th>residual sugar</th>\n",
       "      <th>chlorides</th>\n",
       "      <th>free sulfur dioxide</th>\n",
       "      <th>total sulfur dioxide</th>\n",
       "      <th>density</th>\n",
       "      <th>pH</th>\n",
       "      <th>sulphates</th>\n",
       "      <th>alcohol</th>\n",
       "      <th>quality</th>\n",
       "    </tr>\n",
       "  </thead>\n",
       "  <tbody>\n",
       "    <tr>\n",
       "      <th>0</th>\n",
       "      <td>7.0</td>\n",
       "      <td>0.27</td>\n",
       "      <td>0.36</td>\n",
       "      <td>20.7</td>\n",
       "      <td>0.045</td>\n",
       "      <td>45.0</td>\n",
       "      <td>170.0</td>\n",
       "      <td>1.0010</td>\n",
       "      <td>3.00</td>\n",
       "      <td>0.45</td>\n",
       "      <td>8.8</td>\n",
       "      <td>6</td>\n",
       "    </tr>\n",
       "    <tr>\n",
       "      <th>1</th>\n",
       "      <td>6.3</td>\n",
       "      <td>0.30</td>\n",
       "      <td>0.34</td>\n",
       "      <td>1.6</td>\n",
       "      <td>0.049</td>\n",
       "      <td>14.0</td>\n",
       "      <td>132.0</td>\n",
       "      <td>0.9940</td>\n",
       "      <td>3.30</td>\n",
       "      <td>0.49</td>\n",
       "      <td>9.5</td>\n",
       "      <td>6</td>\n",
       "    </tr>\n",
       "    <tr>\n",
       "      <th>2</th>\n",
       "      <td>8.1</td>\n",
       "      <td>0.28</td>\n",
       "      <td>0.40</td>\n",
       "      <td>6.9</td>\n",
       "      <td>0.050</td>\n",
       "      <td>30.0</td>\n",
       "      <td>97.0</td>\n",
       "      <td>0.9951</td>\n",
       "      <td>3.26</td>\n",
       "      <td>0.44</td>\n",
       "      <td>10.1</td>\n",
       "      <td>6</td>\n",
       "    </tr>\n",
       "    <tr>\n",
       "      <th>3</th>\n",
       "      <td>7.2</td>\n",
       "      <td>0.23</td>\n",
       "      <td>0.32</td>\n",
       "      <td>8.5</td>\n",
       "      <td>0.058</td>\n",
       "      <td>47.0</td>\n",
       "      <td>186.0</td>\n",
       "      <td>0.9956</td>\n",
       "      <td>3.19</td>\n",
       "      <td>0.40</td>\n",
       "      <td>9.9</td>\n",
       "      <td>6</td>\n",
       "    </tr>\n",
       "    <tr>\n",
       "      <th>4</th>\n",
       "      <td>7.2</td>\n",
       "      <td>0.23</td>\n",
       "      <td>0.32</td>\n",
       "      <td>8.5</td>\n",
       "      <td>0.058</td>\n",
       "      <td>47.0</td>\n",
       "      <td>186.0</td>\n",
       "      <td>0.9956</td>\n",
       "      <td>3.19</td>\n",
       "      <td>0.40</td>\n",
       "      <td>9.9</td>\n",
       "      <td>6</td>\n",
       "    </tr>\n",
       "  </tbody>\n",
       "</table>\n",
       "</div>"
      ],
      "text/plain": [
       "   fixed acidity  volatile acidity  citric acid  residual sugar  chlorides  \\\n",
       "0            7.0              0.27         0.36            20.7      0.045   \n",
       "1            6.3              0.30         0.34             1.6      0.049   \n",
       "2            8.1              0.28         0.40             6.9      0.050   \n",
       "3            7.2              0.23         0.32             8.5      0.058   \n",
       "4            7.2              0.23         0.32             8.5      0.058   \n",
       "\n",
       "   free sulfur dioxide  total sulfur dioxide  density    pH  sulphates  \\\n",
       "0                 45.0                 170.0   1.0010  3.00       0.45   \n",
       "1                 14.0                 132.0   0.9940  3.30       0.49   \n",
       "2                 30.0                  97.0   0.9951  3.26       0.44   \n",
       "3                 47.0                 186.0   0.9956  3.19       0.40   \n",
       "4                 47.0                 186.0   0.9956  3.19       0.40   \n",
       "\n",
       "   alcohol  quality  \n",
       "0      8.8        6  \n",
       "1      9.5        6  \n",
       "2     10.1        6  \n",
       "3      9.9        6  \n",
       "4      9.9        6  "
      ]
     },
     "execution_count": 43,
     "metadata": {},
     "output_type": "execute_result"
    }
   ],
   "source": [
    "white_wine.head()"
   ]
  },
  {
   "cell_type": "code",
   "execution_count": 109,
   "id": "6fbe98f5",
   "metadata": {},
   "outputs": [
    {
     "data": {
      "text/html": [
       "<div>\n",
       "<style scoped>\n",
       "    .dataframe tbody tr th:only-of-type {\n",
       "        vertical-align: middle;\n",
       "    }\n",
       "\n",
       "    .dataframe tbody tr th {\n",
       "        vertical-align: top;\n",
       "    }\n",
       "\n",
       "    .dataframe thead th {\n",
       "        text-align: right;\n",
       "    }\n",
       "</style>\n",
       "<table border=\"1\" class=\"dataframe\">\n",
       "  <thead>\n",
       "    <tr style=\"text-align: right;\">\n",
       "      <th></th>\n",
       "      <th>fixed acidity</th>\n",
       "      <th>volatile acidity</th>\n",
       "      <th>citric acid</th>\n",
       "      <th>residual sugar</th>\n",
       "      <th>chlorides</th>\n",
       "      <th>free sulfur dioxide</th>\n",
       "      <th>total sulfur dioxide</th>\n",
       "      <th>density</th>\n",
       "      <th>pH</th>\n",
       "      <th>sulphates</th>\n",
       "      <th>alcohol</th>\n",
       "      <th>quality</th>\n",
       "    </tr>\n",
       "  </thead>\n",
       "  <tbody>\n",
       "    <tr>\n",
       "      <th>count</th>\n",
       "      <td>1599.000000</td>\n",
       "      <td>1599.000000</td>\n",
       "      <td>1599.000000</td>\n",
       "      <td>1599.000000</td>\n",
       "      <td>1599.000000</td>\n",
       "      <td>1599.000000</td>\n",
       "      <td>1599.000000</td>\n",
       "      <td>1599.000000</td>\n",
       "      <td>1599.000000</td>\n",
       "      <td>1599.000000</td>\n",
       "      <td>1599.000000</td>\n",
       "      <td>1599.000000</td>\n",
       "    </tr>\n",
       "    <tr>\n",
       "      <th>mean</th>\n",
       "      <td>8.319637</td>\n",
       "      <td>0.527821</td>\n",
       "      <td>0.270976</td>\n",
       "      <td>2.538806</td>\n",
       "      <td>0.087467</td>\n",
       "      <td>15.874922</td>\n",
       "      <td>46.467792</td>\n",
       "      <td>0.996747</td>\n",
       "      <td>3.311113</td>\n",
       "      <td>0.658149</td>\n",
       "      <td>10.422983</td>\n",
       "      <td>5.636023</td>\n",
       "    </tr>\n",
       "    <tr>\n",
       "      <th>std</th>\n",
       "      <td>1.741096</td>\n",
       "      <td>0.179060</td>\n",
       "      <td>0.194801</td>\n",
       "      <td>1.409928</td>\n",
       "      <td>0.047065</td>\n",
       "      <td>10.460157</td>\n",
       "      <td>32.895324</td>\n",
       "      <td>0.001887</td>\n",
       "      <td>0.154386</td>\n",
       "      <td>0.169507</td>\n",
       "      <td>1.065668</td>\n",
       "      <td>0.807569</td>\n",
       "    </tr>\n",
       "    <tr>\n",
       "      <th>min</th>\n",
       "      <td>4.600000</td>\n",
       "      <td>0.120000</td>\n",
       "      <td>0.000000</td>\n",
       "      <td>0.900000</td>\n",
       "      <td>0.012000</td>\n",
       "      <td>1.000000</td>\n",
       "      <td>6.000000</td>\n",
       "      <td>0.990070</td>\n",
       "      <td>2.740000</td>\n",
       "      <td>0.330000</td>\n",
       "      <td>8.400000</td>\n",
       "      <td>3.000000</td>\n",
       "    </tr>\n",
       "    <tr>\n",
       "      <th>25%</th>\n",
       "      <td>7.100000</td>\n",
       "      <td>0.390000</td>\n",
       "      <td>0.090000</td>\n",
       "      <td>1.900000</td>\n",
       "      <td>0.070000</td>\n",
       "      <td>7.000000</td>\n",
       "      <td>22.000000</td>\n",
       "      <td>0.995600</td>\n",
       "      <td>3.210000</td>\n",
       "      <td>0.550000</td>\n",
       "      <td>9.500000</td>\n",
       "      <td>5.000000</td>\n",
       "    </tr>\n",
       "    <tr>\n",
       "      <th>50%</th>\n",
       "      <td>7.900000</td>\n",
       "      <td>0.520000</td>\n",
       "      <td>0.260000</td>\n",
       "      <td>2.200000</td>\n",
       "      <td>0.079000</td>\n",
       "      <td>14.000000</td>\n",
       "      <td>38.000000</td>\n",
       "      <td>0.996750</td>\n",
       "      <td>3.310000</td>\n",
       "      <td>0.620000</td>\n",
       "      <td>10.200000</td>\n",
       "      <td>6.000000</td>\n",
       "    </tr>\n",
       "    <tr>\n",
       "      <th>75%</th>\n",
       "      <td>9.200000</td>\n",
       "      <td>0.640000</td>\n",
       "      <td>0.420000</td>\n",
       "      <td>2.600000</td>\n",
       "      <td>0.090000</td>\n",
       "      <td>21.000000</td>\n",
       "      <td>62.000000</td>\n",
       "      <td>0.997835</td>\n",
       "      <td>3.400000</td>\n",
       "      <td>0.730000</td>\n",
       "      <td>11.100000</td>\n",
       "      <td>6.000000</td>\n",
       "    </tr>\n",
       "    <tr>\n",
       "      <th>max</th>\n",
       "      <td>15.900000</td>\n",
       "      <td>1.580000</td>\n",
       "      <td>1.000000</td>\n",
       "      <td>15.500000</td>\n",
       "      <td>0.611000</td>\n",
       "      <td>72.000000</td>\n",
       "      <td>289.000000</td>\n",
       "      <td>1.003690</td>\n",
       "      <td>4.010000</td>\n",
       "      <td>2.000000</td>\n",
       "      <td>14.900000</td>\n",
       "      <td>8.000000</td>\n",
       "    </tr>\n",
       "  </tbody>\n",
       "</table>\n",
       "</div>"
      ],
      "text/plain": [
       "       fixed acidity  volatile acidity  citric acid  residual sugar  \\\n",
       "count    1599.000000       1599.000000  1599.000000     1599.000000   \n",
       "mean        8.319637          0.527821     0.270976        2.538806   \n",
       "std         1.741096          0.179060     0.194801        1.409928   \n",
       "min         4.600000          0.120000     0.000000        0.900000   \n",
       "25%         7.100000          0.390000     0.090000        1.900000   \n",
       "50%         7.900000          0.520000     0.260000        2.200000   \n",
       "75%         9.200000          0.640000     0.420000        2.600000   \n",
       "max        15.900000          1.580000     1.000000       15.500000   \n",
       "\n",
       "         chlorides  free sulfur dioxide  total sulfur dioxide      density  \\\n",
       "count  1599.000000          1599.000000           1599.000000  1599.000000   \n",
       "mean      0.087467            15.874922             46.467792     0.996747   \n",
       "std       0.047065            10.460157             32.895324     0.001887   \n",
       "min       0.012000             1.000000              6.000000     0.990070   \n",
       "25%       0.070000             7.000000             22.000000     0.995600   \n",
       "50%       0.079000            14.000000             38.000000     0.996750   \n",
       "75%       0.090000            21.000000             62.000000     0.997835   \n",
       "max       0.611000            72.000000            289.000000     1.003690   \n",
       "\n",
       "                pH    sulphates      alcohol      quality  \n",
       "count  1599.000000  1599.000000  1599.000000  1599.000000  \n",
       "mean      3.311113     0.658149    10.422983     5.636023  \n",
       "std       0.154386     0.169507     1.065668     0.807569  \n",
       "min       2.740000     0.330000     8.400000     3.000000  \n",
       "25%       3.210000     0.550000     9.500000     5.000000  \n",
       "50%       3.310000     0.620000    10.200000     6.000000  \n",
       "75%       3.400000     0.730000    11.100000     6.000000  \n",
       "max       4.010000     2.000000    14.900000     8.000000  "
      ]
     },
     "execution_count": 109,
     "metadata": {},
     "output_type": "execute_result"
    }
   ],
   "source": [
    "red_wine.describe()"
   ]
  },
  {
   "cell_type": "code",
   "execution_count": 111,
   "id": "56451c30",
   "metadata": {},
   "outputs": [
    {
     "data": {
      "text/html": [
       "<div>\n",
       "<style scoped>\n",
       "    .dataframe tbody tr th:only-of-type {\n",
       "        vertical-align: middle;\n",
       "    }\n",
       "\n",
       "    .dataframe tbody tr th {\n",
       "        vertical-align: top;\n",
       "    }\n",
       "\n",
       "    .dataframe thead th {\n",
       "        text-align: right;\n",
       "    }\n",
       "</style>\n",
       "<table border=\"1\" class=\"dataframe\">\n",
       "  <thead>\n",
       "    <tr style=\"text-align: right;\">\n",
       "      <th></th>\n",
       "      <th>fixed acidity</th>\n",
       "      <th>volatile acidity</th>\n",
       "      <th>citric acid</th>\n",
       "      <th>residual sugar</th>\n",
       "      <th>chlorides</th>\n",
       "      <th>free sulfur dioxide</th>\n",
       "      <th>total sulfur dioxide</th>\n",
       "      <th>density</th>\n",
       "      <th>pH</th>\n",
       "      <th>sulphates</th>\n",
       "      <th>alcohol</th>\n",
       "      <th>quality</th>\n",
       "    </tr>\n",
       "  </thead>\n",
       "  <tbody>\n",
       "    <tr>\n",
       "      <th>count</th>\n",
       "      <td>4898.000000</td>\n",
       "      <td>4898.000000</td>\n",
       "      <td>4898.000000</td>\n",
       "      <td>4898.000000</td>\n",
       "      <td>4898.000000</td>\n",
       "      <td>4898.000000</td>\n",
       "      <td>4898.000000</td>\n",
       "      <td>4898.000000</td>\n",
       "      <td>4898.000000</td>\n",
       "      <td>4898.000000</td>\n",
       "      <td>4898.000000</td>\n",
       "      <td>4898.000000</td>\n",
       "    </tr>\n",
       "    <tr>\n",
       "      <th>mean</th>\n",
       "      <td>6.854788</td>\n",
       "      <td>0.278241</td>\n",
       "      <td>0.334192</td>\n",
       "      <td>6.391415</td>\n",
       "      <td>0.045772</td>\n",
       "      <td>35.308085</td>\n",
       "      <td>138.360657</td>\n",
       "      <td>0.994027</td>\n",
       "      <td>3.188267</td>\n",
       "      <td>0.489847</td>\n",
       "      <td>10.514267</td>\n",
       "      <td>5.877909</td>\n",
       "    </tr>\n",
       "    <tr>\n",
       "      <th>std</th>\n",
       "      <td>0.843868</td>\n",
       "      <td>0.100795</td>\n",
       "      <td>0.121020</td>\n",
       "      <td>5.072058</td>\n",
       "      <td>0.021848</td>\n",
       "      <td>17.007137</td>\n",
       "      <td>42.498065</td>\n",
       "      <td>0.002991</td>\n",
       "      <td>0.151001</td>\n",
       "      <td>0.114126</td>\n",
       "      <td>1.230621</td>\n",
       "      <td>0.885639</td>\n",
       "    </tr>\n",
       "    <tr>\n",
       "      <th>min</th>\n",
       "      <td>3.800000</td>\n",
       "      <td>0.080000</td>\n",
       "      <td>0.000000</td>\n",
       "      <td>0.600000</td>\n",
       "      <td>0.009000</td>\n",
       "      <td>2.000000</td>\n",
       "      <td>9.000000</td>\n",
       "      <td>0.987110</td>\n",
       "      <td>2.720000</td>\n",
       "      <td>0.220000</td>\n",
       "      <td>8.000000</td>\n",
       "      <td>3.000000</td>\n",
       "    </tr>\n",
       "    <tr>\n",
       "      <th>25%</th>\n",
       "      <td>6.300000</td>\n",
       "      <td>0.210000</td>\n",
       "      <td>0.270000</td>\n",
       "      <td>1.700000</td>\n",
       "      <td>0.036000</td>\n",
       "      <td>23.000000</td>\n",
       "      <td>108.000000</td>\n",
       "      <td>0.991723</td>\n",
       "      <td>3.090000</td>\n",
       "      <td>0.410000</td>\n",
       "      <td>9.500000</td>\n",
       "      <td>5.000000</td>\n",
       "    </tr>\n",
       "    <tr>\n",
       "      <th>50%</th>\n",
       "      <td>6.800000</td>\n",
       "      <td>0.260000</td>\n",
       "      <td>0.320000</td>\n",
       "      <td>5.200000</td>\n",
       "      <td>0.043000</td>\n",
       "      <td>34.000000</td>\n",
       "      <td>134.000000</td>\n",
       "      <td>0.993740</td>\n",
       "      <td>3.180000</td>\n",
       "      <td>0.470000</td>\n",
       "      <td>10.400000</td>\n",
       "      <td>6.000000</td>\n",
       "    </tr>\n",
       "    <tr>\n",
       "      <th>75%</th>\n",
       "      <td>7.300000</td>\n",
       "      <td>0.320000</td>\n",
       "      <td>0.390000</td>\n",
       "      <td>9.900000</td>\n",
       "      <td>0.050000</td>\n",
       "      <td>46.000000</td>\n",
       "      <td>167.000000</td>\n",
       "      <td>0.996100</td>\n",
       "      <td>3.280000</td>\n",
       "      <td>0.550000</td>\n",
       "      <td>11.400000</td>\n",
       "      <td>6.000000</td>\n",
       "    </tr>\n",
       "    <tr>\n",
       "      <th>max</th>\n",
       "      <td>14.200000</td>\n",
       "      <td>1.100000</td>\n",
       "      <td>1.660000</td>\n",
       "      <td>65.800000</td>\n",
       "      <td>0.346000</td>\n",
       "      <td>289.000000</td>\n",
       "      <td>440.000000</td>\n",
       "      <td>1.038980</td>\n",
       "      <td>3.820000</td>\n",
       "      <td>1.080000</td>\n",
       "      <td>14.200000</td>\n",
       "      <td>9.000000</td>\n",
       "    </tr>\n",
       "  </tbody>\n",
       "</table>\n",
       "</div>"
      ],
      "text/plain": [
       "       fixed acidity  volatile acidity  citric acid  residual sugar  \\\n",
       "count    4898.000000       4898.000000  4898.000000     4898.000000   \n",
       "mean        6.854788          0.278241     0.334192        6.391415   \n",
       "std         0.843868          0.100795     0.121020        5.072058   \n",
       "min         3.800000          0.080000     0.000000        0.600000   \n",
       "25%         6.300000          0.210000     0.270000        1.700000   \n",
       "50%         6.800000          0.260000     0.320000        5.200000   \n",
       "75%         7.300000          0.320000     0.390000        9.900000   \n",
       "max        14.200000          1.100000     1.660000       65.800000   \n",
       "\n",
       "         chlorides  free sulfur dioxide  total sulfur dioxide      density  \\\n",
       "count  4898.000000          4898.000000           4898.000000  4898.000000   \n",
       "mean      0.045772            35.308085            138.360657     0.994027   \n",
       "std       0.021848            17.007137             42.498065     0.002991   \n",
       "min       0.009000             2.000000              9.000000     0.987110   \n",
       "25%       0.036000            23.000000            108.000000     0.991723   \n",
       "50%       0.043000            34.000000            134.000000     0.993740   \n",
       "75%       0.050000            46.000000            167.000000     0.996100   \n",
       "max       0.346000           289.000000            440.000000     1.038980   \n",
       "\n",
       "                pH    sulphates      alcohol      quality  \n",
       "count  4898.000000  4898.000000  4898.000000  4898.000000  \n",
       "mean      3.188267     0.489847    10.514267     5.877909  \n",
       "std       0.151001     0.114126     1.230621     0.885639  \n",
       "min       2.720000     0.220000     8.000000     3.000000  \n",
       "25%       3.090000     0.410000     9.500000     5.000000  \n",
       "50%       3.180000     0.470000    10.400000     6.000000  \n",
       "75%       3.280000     0.550000    11.400000     6.000000  \n",
       "max       3.820000     1.080000    14.200000     9.000000  "
      ]
     },
     "execution_count": 111,
     "metadata": {},
     "output_type": "execute_result"
    }
   ],
   "source": [
    "white_wine.describe()"
   ]
  },
  {
   "cell_type": "code",
   "execution_count": 44,
   "id": "2283ebde",
   "metadata": {},
   "outputs": [],
   "source": [
    "# Extract the feature matrix (excluding the 'quality' column/ targeted variable)\n",
    "\n",
    "X_red = red_wine.iloc[:, :-1].values\n",
    "X_white = white_wine.iloc[:, :-1].values"
   ]
  },
  {
   "cell_type": "code",
   "execution_count": 52,
   "id": "6d068b3e",
   "metadata": {},
   "outputs": [
    {
     "name": "stdout",
     "output_type": "stream",
     "text": [
      "Matrix Addition: [[14.4    0.97   0.36  ...  6.51   1.01  18.2  ]\n",
      " [14.1    1.18   0.34  ...  6.5    1.17  19.3  ]\n",
      " [15.9    1.04   0.44  ...  6.52   1.09  19.9  ]\n",
      " ...\n",
      " [12.9    1.06   0.14  ...  6.57   1.05  22.9  ]\n",
      " [12.3    0.915  0.61  ...  6.81   1.14  19.4  ]\n",
      " [12.3    0.55   1.21  ...  6.66   1.05  20.9  ]]\n"
     ]
    }
   ],
   "source": [
    "# To apply slicing to X_white before the addition as number of rows are diffrent\n",
    "\n",
    "addition = X_red + X_white[:X_red.shape[0], :]\n",
    "print(\"Matrix Addition:\", addition)"
   ]
  },
  {
   "cell_type": "code",
   "execution_count": 50,
   "id": "1a1533e9",
   "metadata": {},
   "outputs": [
    {
     "name": "stdout",
     "output_type": "stream",
     "text": [
      "matrix substraction: [[ 0.4    0.43  -0.36  ...  0.51   0.11   0.6  ]\n",
      " [ 1.5    0.58  -0.34  ... -0.1    0.19   0.3  ]\n",
      " [-0.3    0.48  -0.36  ...  0.     0.21  -0.3  ]\n",
      " ...\n",
      " [-0.3   -0.04   0.12  ...  0.27   0.45  -0.9  ]\n",
      " [-0.5    0.375 -0.37  ...  0.33   0.28   1.   ]\n",
      " [-0.3    0.07  -0.27  ...  0.12   0.27   1.1  ]]\n"
     ]
    }
   ],
   "source": [
    "subtraction = X_red - X_white[:X_red.shape[0], :]\n",
    "print(\"matrix substraction:\",subtraction)"
   ]
  },
  {
   "cell_type": "code",
   "execution_count": 53,
   "id": "dc141d8b",
   "metadata": {
    "scrolled": false
   },
   "outputs": [
    {
     "name": "stdout",
     "output_type": "stream",
     "text": [
      "matrix multiplication: [[1.15521170e+05 6.89404650e+03 3.96887200e+03 3.42242300e+04\n",
      "  1.17584670e+03 2.06709800e+05 6.07806900e+05 1.32633287e+04\n",
      "  4.37547000e+04 8.84172800e+03 1.38475142e+05]\n",
      " [6.89404650e+03 4.96708275e+02 1.97903300e+02 2.14348750e+03\n",
      "  7.46459550e+01 1.33667575e+04 3.99379000e+04 8.41251141e+02\n",
      "  2.80490840e+03 5.42809300e+02 8.73515825e+03]\n",
      " [3.96887200e+03 1.97903300e+02 1.78051100e+02 1.16305500e+03\n",
      "  4.08846000e+01 6.67989000e+03 2.04978900e+04 4.32094780e+02\n",
      "  1.40862870e+03 3.01673000e+02 4.55263300e+03]\n",
      " [3.42242300e+04 2.14348750e+03 1.16305500e+03 1.34830675e+04\n",
      "  3.60971700e+02 6.88533000e+04 2.03685800e+05 4.04785375e+03\n",
      "  1.34118360e+04 2.67389900e+03 4.24136450e+04]\n",
      " [1.17584670e+03 7.46459550e+01 4.08846000e+01 3.60971700e+02\n",
      "  1.57727810e+01 2.22462650e+03 6.61621100e+03 1.39432473e+02\n",
      "  4.60011640e+02 9.67811200e+01 1.44002375e+03]\n",
      " [2.06709800e+05 1.33667575e+04 6.67989000e+03 6.88533000e+04\n",
      "  2.22462650e+03 5.77814000e+05 1.54665900e+06 2.53007254e+04\n",
      "  8.42309150e+04 1.68528150e+04 2.63340633e+05]\n",
      " [6.07806900e+05 3.99379000e+04 2.04978900e+04 2.03685800e+05\n",
      "  6.61621100e+03 1.54665900e+06 5.18184950e+06 7.40673425e+04\n",
      "  2.45482690e+05 4.92844500e+04 7.62928033e+05]\n",
      " [1.32633287e+04 8.41251141e+02 4.32094780e+02 4.04785375e+03\n",
      "  1.39432473e+02 2.53007254e+04 7.40673425e+04 1.58861850e+03\n",
      "  5.27708629e+03 1.04903219e+03 1.66105343e+04]\n",
      " [4.37547000e+04 2.80490840e+03 1.40862870e+03 1.34118360e+04\n",
      "  4.60011640e+02 8.42309150e+04 2.45482690e+05 5.27708629e+03\n",
      "  1.75686781e+04 3.47632570e+03 5.52382343e+04]\n",
      " [8.84172800e+03 5.42809300e+02 3.01673000e+02 2.67389900e+03\n",
      "  9.67811200e+01 1.68528150e+04 4.92844500e+04 1.04903219e+03\n",
      "  3.47632570e+03 7.38537400e+02 1.09959560e+04]\n",
      " [1.38475142e+05 8.73515825e+03 4.55263300e+03 4.24136450e+04\n",
      "  1.44002375e+03 2.63340633e+05 7.62928033e+05 1.66105343e+04\n",
      "  5.52382343e+04 1.09959560e+04 1.75527849e+05]]\n"
     ]
    }
   ],
   "source": [
    "multiplication = np.dot(X_red.T, X_red)\n",
    "print(\"matrix multiplication:\",multiplication)"
   ]
  },
  {
   "cell_type": "code",
   "execution_count": 57,
   "id": "6095da94",
   "metadata": {},
   "outputs": [
    {
     "name": "stdout",
     "output_type": "stream",
     "text": [
      "matrix rank: 11\n"
     ]
    }
   ],
   "source": [
    "rank = np.linalg.matrix_rank(X_red)\n",
    "print(\"matrix rank:\",rank)\n",
    "\n",
    "#The rank of the red wine feature matrix is 11; means it have 11 independent features."
   ]
  },
  {
   "cell_type": "code",
   "execution_count": 59,
   "id": "c8959de2",
   "metadata": {},
   "outputs": [],
   "source": [
    "#covariance matrix\n",
    "cov_matrix = np.cov(X_red, rowvar=False)\n",
    "\n",
    "# Determinant of the covariance matrix\n",
    "det_cov_matrix = np.linalg.det(cov_matrix)\n",
    "\n",
    "# Diagonalization\n",
    "eigenvalues, eigenvectors = np.linalg.eig(cov_matrix)\n",
    "diag_matrix = np.diag(eigenvalues)\n"
   ]
  },
  {
   "cell_type": "code",
   "execution_count": 61,
   "id": "339ec7b1",
   "metadata": {},
   "outputs": [
    {
     "name": "stdout",
     "output_type": "stream",
     "text": [
      "Determinant of the covariance matrix: 3.478417646276054e-11\n",
      "Eigenvalues: [1.13380708e+03 5.79354108e+01 3.10130228e+00 1.81941532e+00\n",
      " 1.04634036e+00 4.13967294e-02 2.31926578e-02 1.13464685e-02\n",
      " 1.00779841e-02 1.45499755e-03 5.61482667e-07]\n",
      "Eigenvectors: [[ 6.13247431e-03 -2.38994985e-02 -9.53135980e-01 -2.65092214e-01\n",
      "   9.81476468e-02 -7.93123729e-02 -1.11415873e-02 -6.49066070e-02\n",
      "  -1.62056112e-02  1.11894679e-02 -9.42137146e-04]\n",
      " [-3.84465551e-04 -2.00966661e-03  2.51315387e-02  7.27374987e-03\n",
      "  -4.11570558e-02 -6.89241790e-01 -4.64366208e-01  3.38841054e-01\n",
      "   4.28631866e-01 -9.15867655e-02 -7.18832280e-04]\n",
      " [-1.70902595e-04 -3.03480788e-03 -7.37082746e-02 -9.83215158e-03\n",
      "   4.14815020e-02  5.04044257e-01  2.05507873e-01  3.27123399e-01\n",
      "   7.60466107e-01 -1.05489073e-01 -5.84467646e-05]\n",
      " [-8.64894648e-03  1.11348551e-02 -2.80913620e-01  9.43177990e-01\n",
      "  -1.76626862e-01  5.76573957e-03 -2.49458552e-03 -4.13432131e-03\n",
      "  -6.93128776e-03 -1.48602896e-03 -4.12747476e-04]\n",
      " [-6.37307290e-05 -2.36654751e-04 -2.94578815e-03 -6.45262673e-04\n",
      "  -9.47985067e-03  5.70159846e-02 -1.13948493e-01  1.32518260e-01\n",
      "   7.21971030e-02  9.80249498e-01 -1.81878311e-03]\n",
      " [-2.18857434e-01  9.75265982e-01 -2.08968395e-02 -2.11894371e-02\n",
      "  -7.86843454e-03 -1.05989214e-03  9.26191533e-05  2.57435147e-03\n",
      "   1.49867896e-03 -3.17589826e-04  8.57545760e-06]\n",
      " [-9.75678369e-01 -2.18916841e-01  1.52685886e-03 -3.97992967e-03\n",
      "   1.03231630e-02 -6.14340167e-04  2.30257301e-04 -1.21187727e-03\n",
      "  -6.57103967e-04  2.60239937e-04 -2.65414500e-06]\n",
      " [-3.72498542e-06 -2.49998510e-05 -7.76139600e-04  5.52088341e-05\n",
      "  -8.33972282e-04 -4.67157195e-04 -1.59988536e-03 -4.10828148e-03\n",
      "   2.83889045e-03  2.03252714e-03  9.99983426e-01]\n",
      " [ 2.68008619e-04  3.27182194e-03  5.86305467e-02  2.05779719e-02\n",
      "   1.26215966e-02 -1.42001678e-01  1.02608661e-02 -8.59196803e-01\n",
      "   4.78787810e-01  9.06452527e-02 -5.06831403e-03]\n",
      " [-2.23381730e-04  6.18926046e-04 -1.75252442e-02 -7.19926307e-03\n",
      "   2.35852364e-02  4.88427356e-01 -8.53721238e-01 -1.32919186e-01\n",
      "  -5.35682617e-02 -1.05566655e-01 -1.31065389e-03]\n",
      " [ 6.35846721e-03  1.45642451e-02  4.85991164e-02  1.97613982e-01\n",
      "   9.77128836e-01 -5.08246586e-02 -8.24998669e-03  2.17794088e-02\n",
      "  -1.80242815e-02  1.01118356e-02  9.25261335e-04]]\n"
     ]
    }
   ],
   "source": [
    "print(\"Determinant of the covariance matrix:\", det_cov_matrix)\n",
    "print(\"Eigenvalues:\", eigenvalues)\n",
    "print(\"Eigenvectors:\", eigenvectors)"
   ]
  },
  {
   "cell_type": "code",
   "execution_count": 62,
   "id": "af4fba0a",
   "metadata": {},
   "outputs": [
    {
     "name": "stdout",
     "output_type": "stream",
     "text": [
      "Eigenvalues:\n",
      " [1.13380708e+03 5.79354108e+01 3.10130228e+00 1.81941532e+00\n",
      " 1.04634036e+00 4.13967294e-02 2.31926578e-02 1.13464685e-02\n",
      " 1.00779841e-02 1.45499755e-03 5.61482667e-07]\n",
      "Eigenvectors:\n",
      " [[ 6.13247431e-03 -2.38994985e-02 -9.53135980e-01 -2.65092214e-01\n",
      "   9.81476468e-02 -7.93123729e-02 -1.11415873e-02 -6.49066070e-02\n",
      "  -1.62056112e-02  1.11894679e-02 -9.42137146e-04]\n",
      " [-3.84465551e-04 -2.00966661e-03  2.51315387e-02  7.27374987e-03\n",
      "  -4.11570558e-02 -6.89241790e-01 -4.64366208e-01  3.38841054e-01\n",
      "   4.28631866e-01 -9.15867655e-02 -7.18832280e-04]\n",
      " [-1.70902595e-04 -3.03480788e-03 -7.37082746e-02 -9.83215158e-03\n",
      "   4.14815020e-02  5.04044257e-01  2.05507873e-01  3.27123399e-01\n",
      "   7.60466107e-01 -1.05489073e-01 -5.84467646e-05]\n",
      " [-8.64894648e-03  1.11348551e-02 -2.80913620e-01  9.43177990e-01\n",
      "  -1.76626862e-01  5.76573957e-03 -2.49458552e-03 -4.13432131e-03\n",
      "  -6.93128776e-03 -1.48602896e-03 -4.12747476e-04]\n",
      " [-6.37307290e-05 -2.36654751e-04 -2.94578815e-03 -6.45262673e-04\n",
      "  -9.47985067e-03  5.70159846e-02 -1.13948493e-01  1.32518260e-01\n",
      "   7.21971030e-02  9.80249498e-01 -1.81878311e-03]\n",
      " [-2.18857434e-01  9.75265982e-01 -2.08968395e-02 -2.11894371e-02\n",
      "  -7.86843454e-03 -1.05989214e-03  9.26191533e-05  2.57435147e-03\n",
      "   1.49867896e-03 -3.17589826e-04  8.57545760e-06]\n",
      " [-9.75678369e-01 -2.18916841e-01  1.52685886e-03 -3.97992967e-03\n",
      "   1.03231630e-02 -6.14340167e-04  2.30257301e-04 -1.21187727e-03\n",
      "  -6.57103967e-04  2.60239937e-04 -2.65414500e-06]\n",
      " [-3.72498542e-06 -2.49998510e-05 -7.76139600e-04  5.52088341e-05\n",
      "  -8.33972282e-04 -4.67157195e-04 -1.59988536e-03 -4.10828148e-03\n",
      "   2.83889045e-03  2.03252714e-03  9.99983426e-01]\n",
      " [ 2.68008619e-04  3.27182194e-03  5.86305467e-02  2.05779719e-02\n",
      "   1.26215966e-02 -1.42001678e-01  1.02608661e-02 -8.59196803e-01\n",
      "   4.78787810e-01  9.06452527e-02 -5.06831403e-03]\n",
      " [-2.23381730e-04  6.18926046e-04 -1.75252442e-02 -7.19926307e-03\n",
      "   2.35852364e-02  4.88427356e-01 -8.53721238e-01 -1.32919186e-01\n",
      "  -5.35682617e-02 -1.05566655e-01 -1.31065389e-03]\n",
      " [ 6.35846721e-03  1.45642451e-02  4.85991164e-02  1.97613982e-01\n",
      "   9.77128836e-01 -5.08246586e-02 -8.24998669e-03  2.17794088e-02\n",
      "  -1.80242815e-02  1.01118356e-02  9.25261335e-04]]\n"
     ]
    }
   ],
   "source": [
    "eigenvalues, eigenvectors = np.linalg.eig(cov_matrix)\n",
    "\n",
    "print(\"Eigenvalues:\\n\", eigenvalues)\n",
    "print(\"Eigenvectors:\\n\", eigenvectors)"
   ]
  },
  {
   "cell_type": "code",
   "execution_count": 86,
